-40.7889685867 -3.24005743932 18.0343886354
-40.8575439398 -3.24940911982 18.0615756936
-38.0240846815 -2.36063701052 19.3711623032
-35.1956097337 -1.7098185772 21.3066952066
-37.9501584182 -0.29887363707 19.3427580814
-35.4178702299 -4.42102633199 20.9447329274
-37.7259929212 -0.612154900351 19.4813043098
-35.0320686932 -0.551476250571 21.7079924056
-36.4519960893 -5.74125800205 20.0690771882
-34.9828841863 -2.31988601205 21.2163455857
-39.5022512896 -3.40806448736 18.8337415442
-37.82198616 -0.849173232127 19.132202467
-40.0472022782 -3.08683086408 18.4548572613
-38.1801732127 -3.1985121045 19.4951217415
-37.9557901658 -3.15652548936 19.3732885115
-40.1681452532 -2.19912575591 18.316725639
-36.007202729 -3.95383124478 20.3871075355
-33.9857832194 -4.70315077193 21.7829695134
-31.8009648567 0.210313522542 18.8872020236
-38.2843131851 -0.830536133081 18.9204637831
-36.0556846918 -2.71630269551 20.6447739632
-37.2933677863 -1.86856373932 19.8029106964
-37.3050035707 -4.47869176291 19.6312786479
-35.53588626 -2.21553779134 20.8267010109
-37.3342785618 -1.52771200398 19.5101082845
-34.9226272982 -0.571373329446 20.7496588963
-39.1129536032 -2.41058510839 18.8659988164
-41.6960181868 -3.44083808217 17.7992827996
-41.6960181868 -3.44083808217 17.7992827996
-41.9751353423 -1.92030027564 17.2844151461
-41.9751353423 -1.92030027564 17.2844151461
-41.9656587324 -1.92219433092 17.2740917301
-41.9656587324 -1.92219433092 17.2740917301
-36.3184055766 -3.15252896789 20.5393249233
-37.3711680165 -2.6588450271 19.7663135263
-39.6729642092 -2.91020118367 18.614051201
-42.0067101716 -2.5452680026 17.2111560637
-39.5606782091 -0.891060353405 18.7475201583
-42.0610213386 -1.8689110483 17.3006697647
-38.0861818423 -5.11604848076 18.9372726679
-38.0861818423 -5.11604848076 18.9372726679
-39.0121919942 -2.40670045692 18.8900362527
-48.3188575735 -3.31787032864 14.9830255375
-41.0840122739 -2.27725353919 17.8264296155
-38.2846156653 -0.324482233827 18.9641047
-37.1681139023 -2.62113037196 19.6800911667
-37.2119900969 -3.01681457768 19.5998076912
