-42.065319569995495 -5.029195099844361 20.21322285090252
-42.065319569995495 -5.029195099844361 20.21322285090252
-42.96560819594307 -4.011209494834222 19.675152634809862
-37.238423928844306 -0.926912281933526 16.884956478692608
-39.90184084984154 -1.6752064862923017 20.89745344556799
-36.425053017116284 -0.04531891942564936 17.444728708228865
-37.3996385320024 -0.11518542400253828 16.567131049025804
-36.307875772118635 0.07782053715379078 17.290375346596093
-38.99465439639812 -3.8398269580456095 21.238338758008126
-39.89320538934646 -3.672267585775055 21.161154059539456
-42.53229558535485 -5.24346368270774 19.92153134568244
-39.753373233326954 -2.969531840558295 20.948892877788538
-43.61943481811182 -4.2568657224660615 19.329097699685285
-41.02802279264828 -3.8980450808797222 20.474073894359243
-41.02802279264828 -3.8980450808797222 20.474073894359243
-43.677392884112976 -4.777842987217684 19.38456630162929
-36.48513677256988 0.296252994538575 17.416108583707278
-36.29399597517363 0.0601634386886829 17.016504210939992
-36.46558072456387 0.17829156691923131 17.47600685089465
-39.95358150400614 -2.239345151541202 20.390750841526824
-40.95547263279958 -3.8899821210764136 20.61750201494946
-41.021080546092975 -1.4667773113641491 17.511507113094865
-38.689662591312924 -6.003810774526983 21.593110815548428
-40.46836926475525 -3.809575338434139 20.82970233457724
-38.9992420572303 -3.776032657554312 21.290699811984858
-39.88754701323102 -1.5529587575956265 20.807809176942264
-43.820265857615205 -4.3872193062286575 19.20371686297552
-38.64576130434688 -0.6680780611042625 16.955259043366773
-38.64576130434688 -0.6680780611042625 16.955259043366773
-42.89907685924847 -5.1494809776698265 19.779241860702093
-42.88336372587817 -5.141640370490665 19.769526848466754
-42.89907685924847 -5.1494809776698265 19.779241860702093
-42.88336372587817 -5.141640370490665 19.769526848466754
-40.844127104185 -3.766998783346307 20.630268432153997
-38.66091923432219 -4.400484348226755 21.696945171769016
-43.39078092664174 -4.91609588263022 19.493122252592457
-46.43817295774443 -7.215046689190257 14.249275915655751
-38.50261293430994 -4.791174006446415 22.145406895003006
-45.293021616827524 -4.965926904120067 19.179536108733473
-41.69867783430721 -7.0905019700605925 20.145342285425166
-42.073964626274716 -7.167053543806328 19.995065997872395
-40.95547263279958 -3.8899821210764136 20.61750201494946
-45.68683655919261 -5.3277548898224545 13.524138760107142
-44.25275528715895 -4.290669694048713 18.798520983769407
-35.274735968556605 0.09538685489484955 17.1320871262283
-38.66091923432219 -4.400484348226755 21.696945171769016
-38.69884928677023 -3.7738300013112696 21.387240579031143
